 53 53 53 53 53
 83 ee 4
 83 ee 4
 8b 6
 8b 6
 53 53 53 53
 83 ee 4
 53 53 53 53 53 53 53
 83 ee 4
 53
 53 53 53 53 53 53
 53 53 53 53 53 53
 8b 6
 53 53 53 53 53 53 53
 53 53 53 53
 83 ee 4
 53
 8b 6
 8b 6
 53 53 53 53 53 53
 53
 53 53 53 53 53
 53 53 53 53
 83 ee 4
 53 53 53 53
 83 ee 4
 53 53 53 53 53 53 53
 53 53 53 53
 53 53 53 53 53 53
 53 53 53 53 53 53 53
 8b 6
 53 53 53 53
 8b 6
 83 ee 4
 53
 53 53 53 53
 83 ee 4
 8b 6
 8b 6
 53 53 53 53
 53 53 53 53 53 53
 53
 53 53 53 53
 83 ee 4
 8b 6
 53 53 53 53
 53 53 53 53
 83 ee 4
 8b 6
 53 53 53 53
 53 53 53 53
 83 ee 4
 53 53 53 53 53
 8b 6
 53 53 53 53 53
 53 53 53 53
 53 53 53 53 53
 53 53 53 53 53
 8b 6
 8b 6
 53 53 53 53 53
 53 53 53 53
 53
 53 53 53 53
 53
 53 53 53 53
 83 ee 4
 53 53 53 53 53 53 53
 83 ee 4
 53 53 53 53
 83 ee 4
 83 ee 4
 53 53 53 53 53
 53 53 53 53
 53 83 ee 4
 53 53 53
 8b 6
 53
 53 53 53 53
 53 53 53 53
 53 53 53 53 53
 83 ee 4
 53 53 53 53 53
 53 53 53 53 53
 8b 6
 53 53 53 53 53
 53 53 53 53 53 53 53
 53 53 53 53
 83 ee 4
 53
 8b 6
 53 53 53 53
 53 53 53 53
