5 124123
3 816683
3 705200
2 730785
2 337134
4 749884
3 753372
7 507401
3 683661
1 469706
6 157298
6 136528
2 142565
7 95123
4 97485
3 152116
1 157158
2 595313
2 165096
6 170880
1 388940
5 382123
4 197828
3 471973
4 463202
3 193419
7 427036
4 143609
6 323746
7 195419
2 322807
4 518700
2 308389
3 134775
1 701625
4 176028
3 900040
2 532771
2 93646
4 546391
6 843164
1 461209
4 461129
3 460966
2 460885
4 460648
4 303986
3 320530
2 91459
4 387907
4 316266
3 123003
5 513031
2 247602
5 293492
4 1065672
5 238835
5 287097
2 238369
2 238555
5 238287
4 431535
1 205393
4 893958
1 236677
4 617165
3 600101
7 673925
3 237405
4 155221
3 177477
3 390290
5 568112
4 503977
4 520908
3 520909
2 822065
1 153232
4 159987
4 152108
5 429175
3 242872
5 392093
5 399914
2 289543
5 175193
7 96701
4 112312
3 525641
1 579496
2 325802
4 292921
4 413791
