3 129568
3 211058
3 211124
6 426440
6 674067
6 890797
6 150376
6 235269
6 521669
6 594942
6 705960
6 183446
6 177017
6 727031
6 731127
3 53173
3 53246
3 53343
3 87136
3 105728
3 375587
3 49385
3 61803
3 122275
3 129843
3 280806
3 281345
3 486598
6 593796
6 727167
6 817440
6 479817
6 720806
6 179302
3 704966
3 468933
3 469205
3 469333
3 751576
3 751640
3 751624
3 751544
3 751608
3 751560
3 751592
3 452384
3 452400
3 452366
3 397083
3 154064
3 154048
3 154020
3 144603
3 134504
3 134488
3 134426
3 692578
3 692638
3 692704
3 222408
3 222904
3 253862
3 710720
3 222952
3 222755
3 222432
3 254107
3 711639
3 222936
3 222792
3 222776
3 254086
3 625098
3 692797
3 54426
3 222920
3 710064
3 423112
3 424576
3 576420
3 460824
3 449548
3 520807
3 568702
3 592070
3 836816
3 54405
3 60670
3 60957
3 111671
3 112044
3 112092
3 146005
3 154616
3 156200
3 53698
3 148142
3 219512
3 220313
3 220436
3 220538
6 178212
6 470144
6 295153
3 730903
3 778715
3 845371
3 835246
3 440455
3 296293
3 312325
3 54887
3 58556
3 61209
3 224389
3 224480
3 224645
6 572209
3 157320
3 438843
3 438935
3 407255
3 452512
3 231426
3 231818
3 422822
6 125146
6 130747
6 244955
6 624779
6 125458
6 177550
6 480172
3 621883
3 621896
3 738274
3 778330
3 147086
3 210319
3 210522
3 65683
3 112640
3 113368
3 145706
3 145802
3 747122
3 181449
3 578059
3 578126
6 470491
6 130311
6 241386
6 240681
3 400639
3 523383
3 622102
3 53605
3 57868
3 60831
6 379483
6 387115
6 721808
6 521272
6 181103
6 819899
6 180741
6 178885
3 148065
3 151233
3 152369
3 83632
3 83676
3 520385
3 701346
3 262626
3 275603
3 313217
3 112552
3 115552
3 116643
3 701426
3 181954
6 482372
3 656087
3 61470
3 64040
3 86932
6 472004
6 269901
6 269999
6 429764
6 291776
3 502769
3 273199
3 227934
3 228016
6 721948
6 530731
6 719902
6 430179
3 265803
3 266303
3 277434
3 524012
3 279356
3 279542
3 389484
6 316759
3 799135
3 114592
3 115440
3 263226
3 145940
3 747036
6 755198
3 53779
3 53798
3 57524
3 176069
3 176342
3 269531
3 284631
3 304119
3 313367
3 277932
3 278505
3 124586
3 174058
3 176550
3 281444
3 320530
3 181716
3 297198
3 579235
6 534795
3 55029
3 56853
3 106012
3 114760
3 115040
3 411922
3 825710
3 825909
3 116188
3 149145
3 173646
3 882028
3 625353
3 625435
3 723289
3 723375
3 230617
3 279159
3 882096
3 230506
3 132675
3 132737
3 182588
3 281231
3 281270
3 162246
3 162265
3 278883
6 152095
6 152687
6 322820
6 120012
6 172881
6 239347
6 269318
6 151536
6 151561
6 151685
6 686876
6 173248
6 244785
6 281090
6 225758
6 417411
6 688628
6 150869
6 447190
6 452002
3 254359
3 512276
3 104433
3 229890
3 254241
6 308182
6 420700
6 586223
6 59034
6 64614
6 87494
6 350894
6 363502
6 421367
6 484934
1 1095183
1 1065091
1 1099583
1 1012739
1 1020366
1 1017236
5 1026090
5 1070686
5 1067281
3 1093928
3 1051240
3 1120901
3 1018150
3 1081549
3 1097410
3 1115474
3 1065708
3 1065784
3 1049616
3 1076064
3 1058216
4 1045651
3 1038803
4 1101623
4 1101667
1 998609
1 1061518
1 1020590
1 1020655
1 1033750
1 1009982
1 1117226
